1663802247.497719,0
1663802247.512310,0
1663802247.526989,0
1663802247.542213,0
1663802247.557554,0
1663802247.571554,0
1663802247.585719,0
1663802247.600358,0
1663802247.614348,0
1663802247.628262,0
1663802247.643888,0
1663802247.658236,0
1663802247.673030,0
1663802247.687499,0
1663802247.701780,0
1663802247.716399,0
1663802247.730752,0
1663802247.746134,0
1663802247.760909,0
1663802247.774881,0
1663802247.788598,0
1663802247.802977,0
1663802247.817358,0
1663802247.831579,0
1663802247.846529,0
1663802247.861319,0
1663802247.876405,0
1663802247.891728,0
1663802247.905993,0
1663802247.921271,0
1663802247.935971,0
1663802247.950786,0
1663802247.965667,0
1663802247.979819,0
1663802247.994304,0
1663802248.009661,0
1663802248.024684,0
1663802248.039625,0
1663802248.053533,0
1663802248.067801,0
1663802248.082186,0
1663802248.097382,0
1663802248.111962,0
1663802248.125600,0
1663802248.140721,0
1663802248.154825,0
1663802248.169794,0
1663802248.184289,0
1663802248.199201,0
1663802248.213904,0
1663802248.227852,0
1663802248.241770,0
1663802248.257266,0
1663802248.272936,0
1663802248.287350,0
1663802248.301764,0
1663802248.315994,0
1663802248.336207,0
1663802248.352852,0
1663802248.381687,0
1663802248.397209,0
1663802248.412108,0
1663802248.425904,0
1663802248.466044,0
1663802248.481868,0
1663802248.500161,0
1663802248.514829,0
1663802248.527888,0
1663802248.542649,0
1663802248.557458,0
1663802248.572772,0
1663802248.587089,0
1663802248.601186,0
1663802248.615823,0
1663802248.630704,0
1663802248.645184,0
1663802248.659865,0
1663802248.675426,0
1663802248.690352,0
1663802248.704267,0
1663802248.719344,0
1663802248.733033,0
1663802248.746723,0
1663802248.761402,0
1663802248.775571,0
1663802248.789608,0
1663802248.803624,0
1663802248.817630,0
1663802248.832115,0
1663802248.845897,0
1663802248.859736,0
1663802248.873898,0
1663802248.888287,0
1663802248.902302,0
1663802248.916051,0
1663802248.930112,0
1663802248.943900,0
1663802248.960512,0
1663802248.976803,0
1663802248.994018,0
1663802249.007881,0
1663802249.023886,0
1663802249.038458,0
1663802249.052447,0
1663802249.066798,0
1663802249.080421,0
1663802249.094517,0
1663802249.109595,0
1663802249.125083,0
1663802249.140384,0
1663802249.155835,0
1663802249.169678,0
1663802249.183377,0
1663802249.197542,0
1663802249.211264,0
1663802249.226497,0
1663802249.241818,0
1663802249.257060,0
1663802249.272338,0
1663802249.286706,0
1663802249.301639,0
1663802249.315897,0
1663802249.329983,0
1663802249.343845,0
1663802249.357806,0
1663802249.371721,0
1663802249.385716,0
1663802249.400241,0
1663802249.415016,0
1663802249.428725,0
1663802249.442608,0
1663802249.456702,0
1663802249.470481,0
1663802249.484767,0
1663802249.498687,0
1663802249.513459,0
1663802249.527537,0
1663802249.541508,0
1663802249.555631,0
1663802249.569672,0
1663802249.583774,0
1663802249.597589,0
1663802249.611765,0
1663802249.624860,0
1663802249.639603,0
1663802249.653582,0
1663802249.667611,0
1663802249.681546,0
1663802249.695271,0
1663802249.711085,0
1663802249.727716,0
1663802249.743592,0
1663802249.760373,0
1663802249.777369,0
1663802249.794424,0
1663802249.810820,0
1663802249.825880,0
1663802249.841018,0
1663802249.856692,0
1663802249.871448,0
1663802249.885274,0
1663802249.899761,0
1663802249.913580,0
1663802249.927496,0
1663802249.941412,0
1663802249.955474,0
1663802249.969744,0
1663802249.983829,0
1663802249.997605,0
1663802250.011387,0
1663802250.026122,0
1663802250.040101,0
1663802250.054554,0
1663802250.068982,0
1663802250.082795,0
1663802250.097525,0
1663802250.112744,0
1663802250.126482,0
1663802250.140883,0
1663802250.154899,0
1663802250.168106,0
1663802250.181906,0
1663802250.195805,0
1663802250.209670,0
1663802250.223251,0
1663802250.237385,0
1663802250.251131,0
1663802250.265029,0
1663802250.279255,0
1663802250.294525,0
1663802250.308988,0
1663802250.323943,0
1663802250.338441,0
1663802250.353041,0
1663802250.366838,0
1663802250.381053,0
1663802250.394969,0
1663802250.409471,0
1663802250.424971,0
1663802250.440528,0
1663802250.455709,0
1663802250.469734,0
1663802250.484100,0
1663802250.498314,0
1663802250.512093,0
1663802250.525580,0
1663802250.540416,0
1663802250.555088,0
1663802250.569022,0
1663802250.583134,0
1663802250.597038,0
1663802250.610983,0
1663802250.625686,0
1663802250.639947,0
1663802250.654421,0
1663802250.669895,0
1663802250.683978,0
1663802250.697882,0
1663802250.711899,0
1663802250.726185,0
1663802250.742079,0
1663802250.757032,0
1663802250.771889,0
1663802250.786231,0
1663802250.799469,0
1663802250.813647,0
1663802250.827885,0
1663802250.842511,0
1663802250.856882,0
1663802250.871442,0
1663802250.884712,0
1663802250.899739,0
1663802250.913722,0
1663802250.927902,0
1663802250.942359,0
1663802250.957421,0
1663802250.971687,0
1663802250.986022,0
1663802251.000079,0
1663802251.013919,0
1663802251.027938,0
1663802251.041600,0
1663802251.056084,0
1663802251.070533,0
1663802251.084025,0
1663802251.097969,0
1663802251.112791,0
1663802251.126697,0
1663802251.142059,0
1663802251.157497,0
1663802251.171829,0
1663802251.186086,0
1663802251.199696,0
1663802251.214146,0
1663802251.228168,0
1663802251.242214,0
1663802251.256338,0
1663802251.271311,0
1663802251.285255,0
1663802251.299254,0
1663802251.312890,0
1663802251.326685,0
1663802251.341842,0
1663802251.356629,0
1663802251.372328,0
1663802251.387952,0
1663802251.401911,0
1663802251.416110,0
1663802251.431486,0
1663802251.445488,0
1663802251.460470,0
1663802251.474961,0
1663802251.489563,0
1663802251.503438,0
1663802251.517404,0
1663802251.531921,0
1663802251.545774,0
1663802251.559634,0
1663802251.574164,0
1663802251.588261,0
1663802251.602221,0
1663802251.617282,0
1663802251.632321,0
1663802251.647616,0
1663802251.661661,0
1663802251.676421,0
1663802251.690628,0
1663802251.704911,0
1663802251.718774,0
1663802251.732162,0
1663802251.746048,0
1663802251.760209,0
1663802251.775113,0
1663802251.788844,0
1663802251.802747,0
1663802251.817726,0
1663802251.831670,0
1663802251.847317,0
1663802251.861881,0
1663802251.877348,0
1663802251.892781,0
1663802251.908251,0
1663802251.924126,0
1663802251.939248,0
1663802251.953654,0
1663802251.967380,0
1663802251.981092,0
1663802251.996043,0
1663802252.010043,0
1663802252.026040,0
1663802252.040565,0
1663802252.054806,0
1663802252.069609,0
1663802252.083877,0
1663802252.097605,0
1663802252.111425,0
1663802252.125705,0
1663802252.140248,0
1663802252.154310,0
1663802252.169974,0
1663802252.183999,0
1663802252.198198,0
1663802252.212235,0
1663802252.226393,0
1663802252.240851,0
1663802252.255527,0
1663802252.269663,0
1663802252.283861,0
1663802252.298754,0
1663802252.312712,0
1663802252.326427,0
1663802252.340827,0
1663802252.355096,0
1663802252.369099,0
1663802252.383304,0
1663802252.397385,0
1663802252.412693,0
1663802252.427312,0
1663802252.441761,0
1663802252.456305,0
1663802252.472070,0
1663802252.486042,0
1663802252.499682,0
1663802252.513709,0
1663802252.528690,0
1663802252.542966,0
1663802252.557023,0
1663802252.571463,0
1663802252.585581,0
1663802252.600877,0
1663802252.614601,0
1663802252.629078,0
1663802252.643066,0
1663802252.657469,0
1663802252.671940,0
1663802252.685859,0
1663802252.700132,0
1663802252.715336,0
1663802252.729004,0
1663802252.742933,0
1663802252.757290,0
1663802252.772689,0
1663802252.786653,0
1663802252.801727,0
1663802252.815744,0
1663802252.829936,0
1663802252.843947,0
1663802252.858561,0
1663802252.873501,0
1663802252.888574,0
1663802252.903628,0
1663802252.917495,0
1663802252.931658,0
1663802252.945709,0
1663802252.959591,0
1663802252.973491,0
1663802252.987720,0
1663802253.001570,0
1663802253.031018,0
1663802253.044836,0
1663802253.058682,0
1663802253.072744,0
1663802253.087963,0
1663802253.101973,0
1663802253.115943,0
1663802253.129845,0
1663802253.143827,0
1663802253.158043,0
1663802253.172187,0
1663802253.187612,0
1663802253.201759,0
1663802253.217283,0
1663802253.232265,0
1663802253.247134,0
1663802253.260904,0
1663802253.274741,0
1663802253.289853,0
1663802253.303781,0
1663802253.317935,0
1663802253.332466,0
1663802253.346574,0
1663802253.361965,0
1663802253.375406,0
1663802253.389939,0
1663802253.405045,0
1663802253.418983,0
1663802253.433027,0
1663802253.447650,0
1663802253.461450,0
1663802253.476293,0
1663802253.491182,0
1663802253.507150,0
1663802253.520923,0
1663802253.534987,0
1663802253.548775,0
1663802253.563056,0
1663802253.576797,0
1663802253.590906,0
1663802253.605443,0
1663802253.619531,0
1663802253.634498,0
1663802253.649478,0
1663802253.664219,0
1663802253.678057,0
1663802253.691884,0
1663802253.705696,0
1663802253.719516,0
1663802253.733745,0
1663802253.748973,0
1663802253.762856,0
1663802253.776826,0
1663802253.790773,0
1663802253.825020,0
1663802253.839627,0
1663802253.866270,0
1663802253.916856,0
1663802253.930737,0
1663802253.945013,0
1663802253.958739,0
1663802253.973486,0
1663802253.989444,0
1663802254.003911,0
1663802254.018783,0
1663802254.033762,0
1663802254.048582,0
1663802254.063030,0
1663802254.076981,0
1663802254.091490,0
1663802254.105804,0
1663802254.120334,0
1663802254.135669,0
1663802254.150442,0
1663802254.164682,0
1663802254.179236,0
1663802254.194507,0
1663802254.209824,0
1663802254.224534,0
1663802254.239567,0
1663802254.253982,0
1663802254.268479,0
1663802254.282938,0
1663802254.297663,0
1663802254.315012,0
1663802254.328839,0
1663802254.342800,0
1663802254.357408,0
1663802254.372035,0
1663802254.386567,0
1663802254.400690,0
1663802254.415768,0
1663802254.430583,0
1663802254.444626,0
1663802254.460009,0
1663802254.474292,0
1663802254.490347,0
1663802254.504710,0
1663802254.519127,0
1663802254.533745,0
1663802254.548173,0
1663802254.562622,0
1663802254.577123,0
1663802254.592444,0
1663802254.606961,0
1663802254.621449,0
1663802254.635977,0
1663802254.650269,0
1663802254.664740,0
1663802254.679413,0
1663802254.694367,0
1663802254.708680,0
1663802254.724106,0
1663802254.738463,0
1663802254.752504,0
1663802254.766999,0
1663802254.781588,0
1663802254.796089,0
1663802254.810627,0
1663802254.826392,0
1663802254.841253,0
1663802254.856454,0
1663802254.871007,0
1663802254.885707,0
1663802254.900769,0
1663802254.915206,0
1663802254.929638,0
1663802254.944519,0
1663802254.959365,0
1663802254.975482,0
1663802254.992650,0
1663802255.009001,0
1663802255.024715,0
1663802255.039704,0
1663802255.053793,0
1663802255.067740,0
1663802255.082332,0
1663802255.097777,0
1663802255.111904,0
1663802255.125774,0
1663802255.140294,0
1663802255.154891,0
1663802255.169872,0
1663802255.184304,0
1663802255.199306,0
1663802255.213446,0
1663802255.227600,0
1663802255.241948,0
1663802255.256224,0
1663802255.271078,0
1663802255.285277,0
1663802255.299655,0
1663802255.313932,0
1663802255.328305,0
1663802255.342567,0
1663802255.357239,0
1663802255.371036,0
1663802255.385263,0
1663802255.400394,0
1663802255.415852,0
1663802255.429981,0
1663802255.444497,0
1663802255.458947,0
1663802255.473290,0
1663802255.487582,0
1663802255.501759,0
1663802255.515932,0
1663802255.530227,0
1663802255.545304,0
1663802255.560917,0
1663802255.575607,0
1663802255.590872,0
1663802255.604915,0
1663802255.619498,0
1663802255.634566,0
1663802255.649562,0
1663802255.664762,0
1663802255.678968,0
1663802255.693445,0
1663802255.707783,0
1663802255.722000,0
1663802255.736481,0
1663802255.751193,0
1663802255.766648,0
1663802255.780596,0
1663802255.795604,0
1663802255.809463,0
1663802255.824712,0
1663802255.839114,0
1663802255.853034,0
1663802255.867487,0
1663802255.881786,0
1663802255.900600,0
1663802255.915343,0
1663802255.929089,0
1663802255.943925,0
1663802255.958239,0
1663802255.973549,0
1663802255.991853,0
1663802256.006987,0
1663802256.021000,0
1663802256.034897,0
1663802256.049033,0
1663802256.062984,0
1663802256.077367,0
1663802256.091722,0
1663802256.105950,0
1663802256.120478,0
1663802256.134854,0
1663802256.150405,0
1663802256.165775,0
1663802256.180685,0
1663802256.195232,0
1663802256.209852,0
1663802256.225256,0
1663802256.240498,0
1663802256.255511,0
1663802256.269615,0
1663802256.284163,0
1663802256.299184,0
1663802256.313324,0
1663802256.327445,0
1663802256.341746,0
1663802256.356332,0
1663802256.370760,0
1663802256.384904,0
1663802256.399938,0
1663802256.414351,0
1663802256.428897,0
1663802256.443440,0
1663802256.458503,0
1663802256.473182,0
1663802256.487611,0
1663802256.501819,0
1663802256.516517,0
1663802256.531570,0
1663802256.559315,1
1663802256.581361,11
1663802256.597467,6
1663802256.612569,14
1663802256.627751,16
1663802256.642413,18
1663802256.657819,18
1663802256.671967,21
1663802256.685773,23
1663802256.701360,25
1663802256.716391,27
1663802256.730482,27
1663802256.745576,29
1663802256.759700,32
1663802256.773854,34
1663802256.788548,36
1663802256.802929,36
1663802256.818081,38
1663802256.833768,41
1663802256.848595,43
1663802256.863049,45
1663802256.877332,47
1663802256.891922,47
1663802256.906058,50
1663802256.919909,52
1663802256.934452,54
1663802256.948926,54
1663802256.962748,57
1663802256.977110,59
1663802256.991132,61
1663802257.005572,61
1663802257.019438,64
1663802257.033729,66
1663802257.048782,68
1663802257.063906,70
1663802257.077887,70
1663802257.091774,73
1663802257.106053,75
1663802257.121025,77
1663802257.135995,79
1663802257.150711,79
1663802257.165643,81
1663802257.180018,84
1663802257.194385,86
1663802257.209246,88
1663802257.224416,88
1663802257.238555,90
1663802257.253837,93
1663802257.268099,95
1663802257.282577,97
1663802257.297564,99
1663802257.312961,99
1663802257.336044,99
1663802257.351337,99
1663802257.382332,100
1663802257.399119,100
1663802257.413548,100
1663802257.465814,100
1663802257.479732,100
1663802257.493773,100
1663802257.509306,100
1663802257.524991,100
1663802257.540465,100
1663802257.554222,99
1663802257.568124,100
1663802257.582941,100
1663802257.597566,100
1663802257.612787,100
1663802257.626653,99
1663802257.641713,99
1663802257.655888,100
1663802257.670194,100
1663802257.684949,100
1663802257.699036,99
1663802257.713397,100
1663802257.727962,100
1663802257.742494,100
1663802257.758141,100
1663802257.773518,99
1663802257.788432,99
1663802257.803053,99
1663802257.817241,100
1663802257.830987,100
1663802257.845737,100
1663802257.860562,99
1663802257.875838,99
1663802257.890858,100
1663802257.905147,100
1663802257.919903,100
1663802257.934359,99
1663802257.949230,100
1663802257.963115,100
1663802257.978310,100
1663802257.992813,100
1663802258.007341,100
1663802258.021024,100
1663802258.035050,100
1663802258.050090,100
1663802258.065401,100
1663802258.079471,99
1663802258.094024,99
1663802258.108892,100
1663802258.123962,100
1663802258.137826,100
1663802258.152150,99
1663802258.167007,98
1663802258.180681,98
1663802258.194796,97
1663802258.209706,96
1663802258.224845,94
1663802258.239047,94
1663802258.253067,93
1663802258.266881,92
1663802258.281686,91
1663802258.295501,91
1663802258.310554,90
1663802258.325339,89
1663802258.339269,88
1663802258.353098,86
1663802258.366882,86
1663802258.382205,85
1663802258.396196,84
1663802258.410134,83
1663802258.424126,83
1663802258.439442,82
1663802258.453627,81
1663802258.467909,80
1663802258.482463,78
1663802258.495970,78
1663802258.510301,77
1663802258.524766,76
1663802258.539458,75
1663802258.553299,75
1663802258.567533,74
1663802258.581796,73
1663802258.596019,71
1663802258.609974,71
1663802258.624517,70
1663802258.638768,69
1663802258.652865,68
1663802258.666711,68
1663802258.680234,67
1663802258.694533,67
1663802258.708473,67
1663802258.724524,70
1663802258.738462,72
1663802258.752211,74
1663802258.767678,76
1663802258.781699,76
1663802258.795898,79
1663802258.809605,81
1663802258.824727,83
1663802258.839215,85
1663802258.853028,85
1663802258.867523,88
1663802258.881602,90
1663802258.896052,92
1663802258.910374,92
1663802258.924841,95
1663802258.939246,97
1663802258.953286,99
1663802258.967875,98
1663802258.981802,99
1663802258.995949,99
1663802259.011744,99
1663802259.026620,99
1663802259.042239,99
1663802259.056441,98
1663802259.070427,99
1663802259.084245,99
1663802259.099765,99
1663802259.113817,99
1663802259.128291,98
1663802259.141859,99
1663802259.156039,99
1663802259.171236,99
1663802259.185831,98
1663802259.200130,99
1663802259.214373,99
1663802259.229614,99
1663802259.244764,99
1663802259.260806,99
1663802259.277778,99
1663802259.294605,99
1663802259.311843,99
1663802259.326475,99
1663802259.343717,99
1663802259.358771,99
1663802259.374648,99
1663802259.390898,99
1663802259.405790,99
1663802259.420327,99
1663802259.435384,98
1663802259.449206,99
1663802259.463507,99
1663802259.477052,99
1663802259.492326,98
1663802259.506565,99
1663802259.520949,99
1663802259.534955,99
1663802259.550738,99
1663802259.565257,98
1663802259.579582,99
1663802259.594856,99
1663802259.609243,99
1663802259.625052,99
1663802259.639963,99
1663802259.654489,99
1663802259.669588,98
1663802259.683604,99
1663802259.697559,99
1663802259.711579,99
1663802259.726435,98
1663802259.740828,99
1663802259.754749,99
1663802259.769144,99
1663802259.784130,100
1663802259.798508,99
1663802259.812225,100
1663802259.827033,100
1663802259.841614,100
1663802259.856912,100
1663802259.871557,99
1663802259.885659,100
1663802259.900549,100
1663802259.914305,100
1663802259.928956,100
1663802259.943311,99
1663802259.958001,100
1663802259.972063,100
1663802259.987296,100
1663802260.001389,99
1663802260.015672,99
1663802260.030577,100
1663802260.044963,100
1663802260.060050,100
1663802260.075192,100
1663802260.089554,99
1663802260.103621,100
1663802260.117246,100
1663802260.131791,100
1663802260.145826,99
1663802260.159980,100
1663802260.174302,100
1663802260.188553,100
1663802260.201921,99
1663802260.215814,100
1663802260.229610,100
1663802260.243832,100
1663802260.257520,100
1663802260.272067,100
1663802260.286201,100
1663802260.301001,100
1663802260.315093,99
1663802260.329564,100
1663802260.343693,100
1663802260.357667,100
1663802260.372089,99
1663802260.386036,100
1663802260.400926,100
1663802260.415531,100
1663802260.429458,100
1663802260.443390,100
1663802260.457081,100
1663802260.470895,100
1663802260.485883,99
1663802260.500042,99
1663802260.513918,100
1663802260.527377,100
1663802260.541471,99
1663802260.555341,100
1663802260.570773,100
1663802260.585912,100
1663802260.600496,100
1663802260.614538,99
1663802260.628479,100
1663802260.642694,100
1663802260.657525,100
1663802260.671986,100
1663802260.685896,99
1663802260.700286,100
1663802260.715072,100
1663802260.728904,100
1663802260.743121,100
1663802260.756934,100
1663802260.770931,100
1663802260.786772,100
1663802260.801487,100
1663802260.816891,99
1663802260.830797,100
1663802260.844366,100
1663802260.858697,99
1663802260.872651,99
1663802260.886814,100
1663802260.899957,100
1663802260.913586,99
1663802260.928177,99
1663802260.941917,100
1663802260.956011,100
1663802260.970050,99
1663802260.984073,100
1663802260.997630,100
1663802261.011759,100
1663802261.025854,99
1663802261.039515,100
1663802261.053350,100
1663802261.069414,100
1663802261.083274,99
1663802261.098372,100
1663802261.113022,100
1663802261.136714,100
1663802261.149963,100
1663802261.168648,100
1663802261.193317,100
1663802261.210556,100
1663802261.227216,99
1663802261.259616,98
1663802261.275885,99
1663802261.290443,100
1663802261.305555,100
1663802261.320815,100
1663802261.334925,100
1663802261.349047,100
1663802261.363533,99
1663802261.380602,99
1663802261.394611,100
1663802261.409399,100
1663802261.424539,100
1663802261.439529,100
1663802261.453951,99
1663802261.468832,98
1663802261.483132,98
1663802261.497571,97
1663802261.511743,96
1663802261.526785,95
1663802261.542588,93
1663802261.557323,92
1663802261.571468,92
1663802261.586782,91
1663802261.601821,90
1663802261.616710,89
1663802261.630534,88
1663802261.644726,88
1663802261.658962,87
1663802261.673872,86
1663802261.687969,84
1663802261.702629,83
1663802261.717301,83
1663802261.731774,82
1663802261.746131,81
1663802261.762094,80
1663802261.775790,79
1663802261.790906,79
1663802261.804740,78
1663802261.818884,77
1663802261.834357,76
1663802261.848021,74
1663802261.863320,74
1663802261.877460,73
1663802261.891288,72
1663802261.905736,71
1663802261.920781,70
1663802261.935267,70
1663802261.949842,69
1663802261.964091,68
1663802261.978180,66
1663802261.992207,66
1663802262.005898,65
1663802262.020179,64
1663802262.035199,63
1663802262.050214,62
1663802262.064293,62
1663802262.078855,61
1663802262.094529,60
1663802262.108746,58
1663802262.123193,57
1663802262.137029,57
1663802262.151295,56
1663802262.165599,55
1663802262.180317,54
1663802262.194690,53
1663802262.209247,53
1663802262.223980,52
1663802262.238674,50
1663802262.253387,50
1663802262.268611,49
1663802262.282996,51
1663802262.297323,51
1663802262.312494,51
1663802262.327529,51
1663802262.343141,51
1663802262.357967,50
1663802262.372589,50
1663802262.387395,51
1663802262.400676,51
1663802262.415225,51
1663802262.430122,50
1663802262.444130,51
1663802262.458225,51
1663802262.473939,51
1663802262.488356,51
1663802262.502348,50
1663802262.515935,51
1663802262.530374,51
1663802262.544843,51
1663802262.559104,50
1663802262.573394,51
1663802262.587725,51
1663802262.602189,51
1663802262.616292,50
1663802262.630064,51
1663802262.644179,51
1663802262.659613,51
1663802262.673500,50
1663802262.688251,50
1663802262.703063,52
1663802262.717072,52
1663802262.731492,52
1663802262.746232,52
1663802262.761246,52
1663802262.776257,51
1663802262.790424,52
1663802262.804794,52
1663802262.819245,52
1663802262.833879,51
1663802262.848637,52
1663802262.862861,52
1663802262.877994,52
1663802262.892846,52
1663802262.907232,51
1663802262.921600,51
1663802262.935978,52
1663802262.950739,52
1663802262.965431,52
1663802262.979501,51
1663802262.993499,52
1663802263.007453,52
1663802263.022339,52
1663802263.037598,52
1663802263.052037,51
1663802263.066548,52
1663802263.080783,52
1663802263.095287,52
1663802263.111283,52
1663802263.125831,52
1663802263.140152,52
1663802263.155135,53
1663802263.168787,53
1663802263.183725,53
1663802263.198897,53
1663802263.212727,52
1663802263.227010,53
1663802263.241181,53
1663802263.255770,53
1663802263.270387,52
1663802263.285446,52
1663802263.300217,53
1663802263.315250,53
1663802263.329267,53
1663802263.343887,53
1663802263.359578,53
1663802263.375767,53
1663802263.389876,52
1663802263.404061,53
1663802263.418686,53
1663802263.433068,53
1663802263.447730,52
1663802263.462032,53
1663802263.476299,53
1663802263.491331,53
1663802263.505891,53
1663802263.520059,52
1663802263.533820,53
1663802263.548465,53
1663802263.563156,53
1663802263.577044,52
1663802263.591953,53
1663802263.605759,54
1663802263.619675,54
1663802263.633595,53
1663802263.647333,54
1663802263.661464,54
1663802263.677029,54
1663802263.693964,54
1663802263.708929,54
1663802263.724064,53
1663802263.737969,53
1663802263.751489,54
1663802263.764860,54
1663802263.778815,53
1663802263.793430,54
1663802263.807098,54
1663802263.821119,54
1663802263.835922,53
1663802263.851758,53
1663802263.866494,53
1663802263.880983,54
1663802263.895987,54
1663802263.910781,54
1663802263.925858,54
1663802263.939894,53
1663802263.953516,54
1663802263.967384,54
1663802263.981580,54
1663802263.995399,53
1663802264.009525,54
1663802264.024580,54
1663802264.039721,55
1663802264.055266,55
1663802264.069690,54
1663802264.084118,54
1663802264.097938,55
1663802264.111896,55
1663802264.125778,54
1663802264.139819,55
1663802264.153591,55
1663802264.168458,55
1663802264.182490,54
1663802264.196489,55
1663802264.210893,55
1663802264.225230,55
1663802264.240549,55
1663802264.254907,54
1663802264.269519,55
1663802264.283883,55
1663802264.298542,55
1663802264.313346,55
1663802264.327355,54
1663802264.342043,55
1663802264.356673,55
1663802264.370757,55
1663802264.384990,55
1663802264.400519,54
1663802264.415528,54
1663802264.429943,55
1663802264.444225,55
1663802264.460621,55
1663802264.476250,55
1663802264.491763,56
1663802264.505985,55
1663802264.520352,55
1663802264.534402,56
1663802264.549012,56
1663802264.563011,56
1663802264.576883,55
1663802264.592564,56
1663802264.606588,56
1663802264.621011,56
1663802264.635455,56
1663802264.650077,55
1663802264.664363,56
1663802264.679136,56
1663802264.693359,56
1663802264.707369,55
1663802264.721722,56
1663802264.735838,56
1663802264.751045,56
1663802264.766629,56
1663802264.781272,56
1663802264.795934,55
1663802264.810443,56
1663802264.825532,56
1663802264.839894,56
1663802264.854765,56
1663802264.869565,55
1663802264.884651,55
1663802264.898402,56
1663802264.912516,56
1663802264.927258,56
1663802264.941812,55
1663802264.956167,55
1663802264.970392,57
1663802264.984709,57
1663802265.000032,57
1663802265.014694,57
1663802265.028847,57
1663802265.042968,57
1663802265.057550,57
1663802265.072481,57
1663802265.087773,57
1663802265.102306,57
1663802265.116372,57
1663802265.131443,57
1663802265.145729,57
1663802265.161070,57
1663802265.174802,56
1663802265.190045,57
1663802265.203914,57
1663802265.218124,57
1663802265.232639,56
1663802265.246807,57
1663802265.260789,57
1663802265.275515,57
1663802265.290133,56
1663802265.304625,56
1663802265.320196,56
1663802265.335492,57
1663802265.350094,57
1663802265.364959,57
1663802265.379398,57
1663802265.393399,56
1663802265.407513,57
1663802265.421163,57
1663802265.436345,58
1663802265.452046,58
1663802265.466805,57
1663802265.482254,57
1663802265.496792,58
1663802265.511119,58
1663802265.527077,58
1663802265.542383,58
1663802265.557341,58
1663802265.572367,58
1663802265.586415,57
1663802265.600319,58
1663802265.614595,58
1663802265.628663,58
1663802265.642867,57
1663802265.656769,58
1663802265.670880,58
1663802265.686247,58
1663802265.700887,57
1663802265.715362,57
1663802265.729388,58
1663802265.743451,58
1663802265.758231,58
1663802265.773463,57
1663802265.787493,58
1663802265.802216,58
1663802265.816751,58
1663802265.831711,58
1663802265.846044,57
1663802265.859977,58
1663802265.874364,58
1663802265.888699,58
1663802265.903711,58
1663802265.918138,57
1663802265.932452,59
1663802265.947419,59
1663802265.961729,59
1663802265.976687,59
1663802265.991074,58
1663802266.004670,59
1663802266.018995,59
1663802266.034461,59
1663802266.049208,59
1663802266.064529,59
1663802266.078709,58
1663802266.092791,59
1663802266.107346,59
1663802266.121862,58
1663802266.137256,59
1663802266.151597,58
1663802266.165596,59
1663802266.179990,59
1663802266.195163,59
1663802266.209584,58
1663802266.223835,59
1663802266.238688,59
1663802266.253554,59
1663802266.268147,59
1663802266.283528,59
1663802266.298251,58
1663802266.312388,59
1663802266.326507,59
1663802266.341570,59
1663802266.356412,59
1663802266.371678,59
1663802266.386192,58
1663802266.400732,59
1663802266.415506,60
1663802266.430129,60
1663802266.444505,59
1663802266.458817,59
1663802266.473563,60
1663802266.487848,60
1663802266.502056,60
1663802266.517169,59
1663802266.531458,59
1663802266.547172,59
1663802266.561514,60
1663802266.575802,60
1663802266.590349,60
1663802266.604469,59
1663802266.618632,60
1663802266.633408,60
1663802266.648019,60
1663802266.662211,60
1663802266.676905,59
1663802266.691081,60
1663802266.705932,60
1663802266.721302,60
1663802266.736315,60
1663802266.751450,60
1663802266.766129,59
1663802266.780764,60
1663802266.794878,60
1663802266.809536,60
1663802266.823730,59
1663802266.838919,59
1663802266.852966,60
1663802266.866786,60
1663802266.881318,60
1663802266.896350,60
1663802266.910565,59
1663802266.925053,61
1663802266.940402,61
1663802266.954893,61
1663802266.970117,61
1663802266.984967,61
1663802266.999731,61
1663802267.013530,61
1663802267.027465,61
1663802267.041577,60
1663802267.055752,60
1663802267.070118,61
1663802267.084636,61
1663802267.099090,61
1663802267.114208,61
1663802267.129698,60
1663802267.144015,61
1663802267.158641,61
1663802267.173389,61
1663802267.188547,61
1663802267.202615,60
1663802267.217309,60
1663802267.231146,61
1663802267.245944,61
1663802267.260765,61
1663802267.275603,60
1663802267.289702,61
1663802267.303936,61
1663802267.318579,61
1663802267.332721,61
1663802267.347732,60
1663802267.362173,61
1663802267.375548,61
1663802267.390162,61
1663802267.404766,60
1663802267.419799,61
1663802267.433902,62
1663802267.448851,62
1663802267.463008,62
1663802267.477684,62
1663802267.494020,61
1663802267.508232,61
1663802267.522451,62
1663802267.537247,62
1663802267.552241,62
1663802267.567101,61
1663802267.582000,61
1663802267.597173,61
1663802267.611110,62
1663802267.625715,62
1663802267.639812,62
1663802267.654229,61
1663802267.668301,62
1663802267.682928,62
1663802267.697902,62
1663802267.712033,62
1663802267.725961,61
1663802267.739899,62
1663802267.753958,62
1663802267.768933,61
1663802267.783113,61
1663802267.797763,62
1663802267.811713,62
1663802267.826372,62
1663802267.840835,61
1663802267.855615,61
1663802267.869494,62
1663802267.883743,62
1663802267.899157,62
1663802267.913558,62
1663802267.928334,61
1663802267.942573,63
1663802267.955979,63
1663802267.969998,63
1663802267.984240,62
1663802267.998100,63
1663802268.012288,63
1663802268.026819,63
1663802268.041616,62
1663802268.055612,63
1663802268.069658,63
1663802268.084177,63
1663802268.100546,63
1663802268.115767,62
1663802268.129799,62
1663802268.143820,63
1663802268.158268,63
1663802268.172428,63
1663802268.186998,62
1663802268.200570,63
1663802268.214854,63
1663802268.229131,63
1663802268.243053,62
1663802268.257102,63
1663802268.271589,63
1663802268.286055,63
1663802268.301128,62
1663802268.316494,62
1663802268.330715,63
1663802268.345814,63
1663802268.359499,63
1663802268.374332,63
1663802268.389975,62
1663802268.404849,62
1663802268.419183,63
1663802268.434518,63
1663802268.448928,63
1663802268.463497,64
1663802268.477967,63
1663802268.491703,64
1663802268.505898,64
1663802268.520771,63
1663802268.535270,64
1663802268.549670,63
1663802268.563645,64
1663802268.577769,64
1663802268.592327,64
1663802268.607753,63
1663802268.621800,64
1663802268.636044,64
1663802268.651002,64
1663802268.665528,64
1663802268.680144,63
1663802268.695503,63
1663802268.711677,63
1663802268.725944,64
1663802268.740709,64
1663802268.756512,64
1663802268.770425,64
1663802268.784572,63
1663802268.799353,64
1663802268.813718,64
1663802268.827950,64
1663802268.842402,63
1663802268.856922,63
1663802268.871101,64
1663802268.886947,64
1663802268.901620,64
1663802268.916690,64
1663802268.931186,64
1663802268.945656,63
1663802268.960563,64
1663802268.975538,64
1663802268.989798,64
1663802269.004143,65
1663802269.018642,64
1663802269.032220,65
1663802269.047531,65
1663802269.062225,65
1663802269.076547,65
1663802269.091696,64
1663802269.105837,65
1663802269.119613,65
1663802269.133967,65
1663802269.148799,64
1663802269.163470,65
1663802269.177338,65
1663802269.191697,65
1663802269.206820,65
1663802269.221593,64
1663802269.235633,65
1663802269.251129,65
1663802269.266046,65
1663802269.280384,65
1663802269.295799,65
1663802269.311048,64
1663802269.326516,64
1663802269.340653,64
1663802269.354469,65
1663802269.369033,65
1663802269.383672,65
1663802269.398230,64
1663802269.412227,65
1663802269.426302,65
1663802269.441940,65
1663802269.456171,65
1663802269.470543,64
1663802269.484852,65
1663802269.499972,65
1663802269.514399,65
1663802269.528585,65
1663802269.542398,66
1663802269.556531,66
1663802269.570865,66
1663802269.584578,65
1663802269.598706,66
1663802269.612479,66
1663802269.626886,66
1663802269.641402,65
1663802269.655425,66
1663802269.669507,66
1663802269.683386,66
1663802269.698330,66
1663802269.712904,65
1663802269.727256,66
1663802269.741897,66
1663802269.755962,66
1663802269.770485,65
1663802269.784645,66
1663802269.799497,66
1663802269.813591,66
1663802269.829143,66
1663802269.843805,66
1663802269.858032,65
1663802269.872031,66
1663802269.886824,66
1663802269.902133,66
1663802269.917490,66
1663802269.932080,65
1663802269.946844,65
1663802269.960950,66
1663802269.976081,66
1663802269.990356,66
1663802270.004299,65
1663802270.018188,66
1663802270.032923,66
1663802270.048177,66
1663802270.063490,66
1663802270.077516,66
1663802270.091818,66
1663802270.105786,67
1663802270.120206,67
1663802270.134818,67
1663802270.148997,67
1663802270.162809,67
1663802270.176731,67
1663802270.191124,67
1663802270.205667,66
1663802270.220137,67
1663802270.234824,67
1663802270.249062,67
1663802270.263187,66
1663802270.277769,66
1663802270.292675,67
1663802270.307695,67
1663802270.322015,67
1663802270.336980,67
1663802270.350980,66
1663802270.365518,67
1663802270.379474,67
1663802270.394230,67
1663802270.408271,66
1663802270.423870,66
1663802270.437958,67
1663802270.451664,67
1663802270.465909,67
1663802270.480210,66
1663802270.494569,67
1663802270.508684,67
1663802270.523850,67
1663802270.538830,67
1663802270.552548,66
1663802270.567278,67
1663802270.581792,67
1663802270.596969,67
1663802270.612380,67
1663802270.627038,67
1663802270.641725,66
1663802270.656008,68
1663802270.670257,68
1663802270.685639,68
1663802270.700707,68
1663802270.716171,68
1663802270.731813,68
1663802270.746608,67
1663802270.760838,68
1663802270.775721,68
1663802270.790826,68
1663802270.805501,68
1663802270.819400,67
1663802270.833673,68
1663802270.848288,68
1663802270.862834,68
1663802270.877000,68
1663802270.891091,67
1663802270.905344,68
1663802270.919710,68
1663802270.934820,68
1663802270.949890,68
1663802270.964676,67
1663802270.978857,68
1663802270.994100,68
1663802271.008335,68
1663802271.023037,68
1663802271.038185,67
1663802271.052287,68
1663802271.066166,68
1663802271.081068,68
1663802271.095655,68
1663802271.110809,67
1663802271.126298,68
1663802271.140461,68
1663802271.155191,68
1663802271.169337,68
1663802271.183667,67
1663802271.198347,68
1663802271.212366,69
1663802271.227099,69
1663802271.243699,69
1663802271.258308,69
1663802271.275298,69
1663802271.289544,69
1663802271.303380,68
1663802271.317316,69
1663802271.331174,69
1663802271.346881,69
1663802271.361659,69
1663802271.376582,68
1663802271.392140,68
1663802271.406135,69
1663802271.420188,69
1663802271.435529,69
1663802271.450282,69
1663802271.463965,69
1663802271.478414,69
1663802271.492220,69
1663802271.507511,69
1663802271.522231,68
1663802271.536529,69
1663802271.550638,69
1663802271.566232,69
1663802271.581055,69
1663802271.596166,69
1663802271.611777,69
1663802271.626225,68
1663802271.640182,69
1663802271.653668,69
1663802271.669065,69
1663802271.683880,68
1663802271.697939,69
1663802271.712401,69
1663802271.726785,69
1663802271.742637,69
1663802271.757477,68
1663802271.772405,68
1663802271.786943,70
1663802271.800330,70
1663802271.814867,70
1663802271.829596,69
1663802271.844421,69
1663802271.861369,69
1663802271.876558,69
1663802271.890496,70
1663802271.905061,70
1663802271.919535,70
1663802271.934600,69
1663802271.949989,69
1663802271.964072,70
1663802271.977781,70
1663802271.992296,69
1663802272.007392,69
1663802272.021598,69
1663802272.035496,70
1663802272.050485,70
1663802272.065695,70
1663802272.079828,69
1663802272.094616,70
1663802272.109629,70
1663802272.124207,70
1663802272.138278,70
1663802272.152570,69
1663802272.167657,69
1663802272.181838,70
1663802272.197163,70
1663802272.212298,70
1663802272.226402,70
1663802272.240772,69
1663802272.255166,70
1663802272.269495,70
1663802272.284035,70
1663802272.298693,70
1663802272.313727,69
1663802272.327681,70
1663802272.341892,70
1663802272.356478,70
1663802272.371050,71
1663802272.385648,70
1663802272.400987,71
1663802272.415253,71
1663802272.430648,71
1663802272.445593,71
1663802272.460796,71
1663802272.475739,70
1663802272.489943,70
1663802272.503560,71
1663802272.518325,71
1663802272.533905,71
1663802272.548777,70
1663802272.563539,70
1663802272.577611,71
1663802272.590994,71
1663802272.605636,71
1663802272.620056,70
1663802272.633814,71
1663802272.648942,71
1663802272.663248,71
1663802272.677482,70
1663802272.691737,70
1663802272.706199,71
1663802272.720459,71
1663802272.735189,71
1663802272.750331,71
1663802272.765587,70
1663802272.779771,71
1663802272.795070,71
1663802272.808926,71
1663802272.824501,71
1663802272.839771,71
1663802272.853887,70
1663802272.869131,71
1663802272.883273,71
1663802272.897773,71
1663802272.913918,71
1663802272.928094,70
1663802272.942561,70
1663802272.956639,72
1663802272.971039,72
1663802272.986310,72
1663802273.000909,72
1663802273.015481,71
1663802273.029761,72
1663802273.044811,72
1663802273.059803,72
1663802273.074127,72
1663802273.088100,71
1663802273.102284,72
1663802273.116667,72
1663802273.131228,72
1663802273.145775,71
1663802273.161539,71
1663802273.177503,71
1663802273.191592,72
1663802273.205906,72
1663802273.221264,72
1663802273.236785,72
1663802273.251522,72
1663802273.265487,71
1663802273.279149,72
1663802273.293446,72
1663802273.308077,72
1663802273.321876,71
1663802273.335945,72
1663802273.350496,72
1663802273.366267,72
1663802273.380871,72
1663802273.394757,71
1663802273.408937,72
1663802273.423661,72
1663802273.438287,72
1663802273.452326,71
1663802273.466549,72
1663802273.480721,72
1663802273.496565,72
1663802273.511700,72
1663802273.526420,72
1663802273.540797,71
1663802273.554747,73
1663802273.569708,73
1663802273.584912,73
1663802273.600142,73
1663802273.615164,73
1663802273.629458,72
1663802273.643545,73
1663802273.657890,73
1663802273.672722,73
1663802273.688561,73
1663802273.703094,72
1663802273.718410,72
1663802273.732223,73
1663802273.747254,73
1663802273.761573,73
1663802273.776567,72
1663802273.790917,72
1663802273.804627,73
1663802273.819551,73
1663802273.833856,73
1663802273.848240,72
1663802273.862533,73
1663802273.876434,73
1663802273.890542,73
1663802273.905054,73
1663802273.919561,72
1663802273.933918,73
1663802273.948244,73
1663802273.962605,73
1663802273.976356,72
1663802273.991460,73
1663802274.005755,73
1663802274.019762,73
1663802274.034580,73
1663802274.049567,72
1663802274.063662,73
1663802274.078096,73
1663802274.092664,73
1663802274.107242,73
1663802274.121781,72
1663802274.137020,72
1663802274.151265,73
1663802274.165640,74
1663802274.180000,74
1663802274.194303,73
1663802274.209111,74
1663802274.224125,74
1663802274.238673,74
1663802274.252713,74
1663802274.266795,73
1663802274.280875,74
1663802274.295349,74
1663802274.309762,74
1663802274.324183,73
1663802274.338761,74
1663802274.352706,74
1663802274.366758,74
1663802274.381552,74
1663802274.395826,73
1663802274.409962,74
1663802274.424723,74
1663802274.439367,74
1663802274.453601,73
1663802274.468477,73
1663802274.482612,74
1663802274.496663,74
1663802274.511984,74
1663802274.527181,74
1663802274.541725,73
1663802274.555852,74
1663802274.570130,74
1663802274.584594,74
1663802274.599931,73
1663802274.614620,73
1663802274.629329,74
1663802274.643226,74
1663802274.657105,74
1663802274.671420,73
1663802274.686064,73
1663802274.700795,74
1663802274.714786,74
1663802274.729344,74
1663802274.743519,73
1663802274.757573,74
1663802274.772674,75
1663802274.786482,75
1663802274.801456,74
1663802274.816022,74
1663802274.830334,75
1663802274.844089,75
1663802274.858889,75
1663802274.873521,74
1663802274.888497,74
1663802274.902525,75
1663802274.916110,75
1663802274.930472,75
1663802274.944950,74
1663802274.959400,75
1663802274.974080,75
1663802274.988827,75
1663802275.002995,74
1663802275.018778,74
1663802275.033435,75
1663802275.047586,75
1663802275.062194,75
1663802275.077302,75
1663802275.091977,75
1663802275.106075,74
1663802275.120474,75
1663802275.134830,75
1663802275.150073,75
1663802275.164504,74
1663802275.179636,74
1663802275.194015,75
1663802275.208812,75
1663802275.223820,75
1663802275.238991,75
1663802275.252980,74
1663802275.267399,75
1663802275.281639,75
1663802275.297108,75
1663802275.312250,75
1663802275.326552,75
1663802275.340850,75
1663802275.355086,75
1663802275.370168,75
1663802275.384003,75
1663802275.398464,75
1663802275.412844,75
1663802275.426979,76
1663802275.441684,76
1663802275.456685,76
1663802275.471270,75
1663802275.486477,75
1663802275.500169,76
1663802275.515108,76
1663802275.530643,76
1663802275.545894,76
1663802275.559787,75
1663802275.574572,76
1663802275.588689,76
1663802275.602820,76
1663802275.618143,76
1663802275.632677,75
1663802275.647014,76
1663802275.661118,76
1663802275.676004,76
1663802275.690662,76
1663802275.705258,75
1663802275.719391,76
1663802275.733658,76
1663802275.747479,76
1663802275.762377,76
1663802275.777052,75
1663802275.791377,76
1663802275.806595,76
1663802275.821035,76
1663802275.835459,76
1663802275.850869,75
1663802275.865508,75
1663802275.879758,76
1663802275.895239,76
1663802275.910220,76
1663802275.925082,76
1663802275.939522,75
1663802275.953650,76
1663802275.967724,76
1663802275.982634,76
1663802275.996534,75
1663802276.011161,75
1663802276.025600,77
1663802276.039935,77
1663802276.054936,77
1663802276.069895,77
1663802276.084221,76
1663802276.098692,77
1663802276.113688,77
1663802276.127647,77
1663802276.142065,77
1663802276.157109,76
1663802276.171152,77
1663802276.185743,77
1663802276.199935,77
1663802276.215334,77
1663802276.231108,77
1663802276.245499,76
1663802276.259486,77
1663802276.273765,77
1663802276.288429,77
1663802276.302593,76
1663802276.317137,77
1663802276.331103,77
1663802276.345394,77
1663802276.360737,77
1663802276.375917,77
1663802276.390244,77
1663802276.403927,77
1663802276.418762,77
1663802276.433866,77
1663802276.448792,77
1663802276.463506,76
1663802276.477420,77
1663802276.491930,77
1663802276.506317,77
1663802276.520848,76
1663802276.534920,77
1663802276.549183,77
1663802276.563466,77
1663802276.577880,77
1663802276.592596,76
1663802276.606948,77
1663802276.621536,77
1663802276.636126,77
1663802276.650909,77
1663802276.665482,77
1663802276.680885,77
1663802276.695179,78
1663802276.709951,78
1663802276.725106,78
1663802276.739839,78
1663802276.754337,77
1663802276.768291,78
1663802276.782850,78
1663802276.797136,78
1663802276.813104,78
1663802276.827249,77
1663802276.841353,78
1663802276.855846,78
1663802276.870690,78
1663802276.885480,78
1663802276.899733,77
1663802276.914572,78
1663802276.928853,78
1663802276.944030,78
1663802276.958383,78
1663802276.972844,77
1663802276.986631,78
1663802277.000261,78
1663802277.014415,78
1663802277.028192,77
1663802277.042600,78
1663802277.057951,78
1663802277.071961,78
1663802277.087032,77
1663802277.101522,77
1663802277.115754,78
1663802277.129577,78
1663802277.144497,78
1663802277.159163,78
1663802277.174881,77
1663802277.189579,77
1663802277.203816,78
1663802277.218177,78
1663802277.233126,78
1663802277.247493,77
1663802277.261812,78
1663802277.276420,78
1663802277.290626,78
1663802277.305537,79
1663802277.319882,78
1663802277.333827,79
1663802277.348248,79
1663802277.362245,79
1663802277.377013,78
1663802277.391659,78
1663802277.405576,79
1663802277.420120,79
1663802277.434169,79
1663802277.449701,78
1663802277.464207,78
1663802277.478618,79
1663802277.492980,79
1663802277.506701,79
1663802277.520745,78
1663802277.534677,79
1663802277.548303,79
1663802277.563759,79
1663802277.577961,78
1663802277.591799,79
1663802277.606173,79
1663802277.621240,79
1663802277.635327,78
1663802277.650803,78
1663802277.665598,79
1663802277.679569,79
1663802277.693879,79
1663802277.708422,79
1663802277.723522,78
1663802277.737466,79
1663802277.751721,79
1663802277.765853,79
1663802277.780596,78
1663802277.796213,78
1663802277.810719,79
1663802277.824441,79
1663802277.839031,79
1663802277.853059,78
1663802277.867311,79
1663802277.881453,79
1663802277.895446,79
1663802277.909551,78
1663802277.924232,78
1663802277.938318,79
1663802277.952081,79
1663802277.966335,79
1663802277.981408,80
1663802277.995347,80
1663802278.009730,80
1663802278.024664,80
1663802278.039216,80
1663802278.053785,79
1663802278.068007,80
1663802278.082560,80
1663802278.097678,80
1663802278.113373,80
1663802278.126637,79
1663802278.141488,80
1663802278.155648,80
1663802278.170022,80
1663802278.184631,80
1663802278.199984,79
1663802278.214290,80
1663802278.228232,80
1663802278.243474,80
1663802278.257888,80
1663802278.272384,79
1663802278.286411,80
1663802278.300242,80
1663802278.315232,80
1663802278.329911,79
1663802278.344445,79
1663802278.358828,80
1663802278.373335,80
1663802278.387978,80
1663802278.402195,79
1663802278.417263,79
1663802278.431652,80
1663802278.445785,80
1663802278.460273,80
1663802278.474836,79
1663802278.489288,80
1663802278.503472,80
1663802278.517870,80
1663802278.532830,80
1663802278.547802,79
1663802278.562918,80
1663802278.577268,80
1663802278.591323,80
1663802278.606362,80
1663802278.621251,81
1663802278.635621,80
1663802278.649347,81
1663802278.663410,81
1663802278.677978,81
1663802278.691846,80
1663802278.705999,81
1663802278.721404,81
1663802278.735735,81
1663802278.750387,81
1663802278.764608,80
1663802278.778801,81
1663802278.794330,81
1663802278.808134,81
1663802278.822490,80
1663802278.838170,80
1663802278.852438,81
1663802278.866539,81
1663802278.881220,81
1663802278.896567,81
1663802278.911224,80
1663802278.925911,80
1663802278.940245,81
1663802278.955148,81
1663802278.969134,81
1663802278.984730,81
1663802278.998164,80
1663802279.012260,81
1663802279.027226,81
1663802279.041567,81
1663802279.055752,80
1663802279.069894,81
1663802279.083483,81
1663802279.097985,81
1663802279.112751,80
1663802279.127064,81
1663802279.140925,81
1663802279.155252,81
1663802279.169522,80
1663802279.183731,80
1663802279.198289,81
1663802279.212765,81
1663802279.226999,81
1663802279.241362,80
1663802279.255417,81
1663802279.269544,81
1663802279.284703,81
1663802279.298841,82
1663802279.313720,81
1663802279.328916,82
1663802279.343472,82
1663802279.357708,82
1663802279.372387,82
1663802279.387350,81
1663802279.401705,82
1663802279.416012,82
1663802279.430595,82
1663802279.445527,82
1663802279.460223,82
1663802279.475207,81
1663802279.489310,82
1663802279.503314,82
1663802279.518257,82
1663802279.533617,82
1663802279.548837,81
1663802279.563230,81
1663802279.577274,82
1663802279.593691,82
1663802279.607515,82
1663802279.621547,81
1663802279.635933,82
1663802279.650450,82
1663802279.664848,82
1663802279.680894,82
1663802279.695352,82
1663802279.709387,81
1663802279.724580,82
1663802279.738685,82
1663802279.753081,82
1663802279.767159,82
1663802279.782368,81
1663802279.797289,82
1663802279.811520,82
1663802279.826239,82
1663802279.841976,82
1663802279.856971,82
1663802279.870610,81
1663802279.884561,82
1663802279.899185,82
1663802279.913741,82
1663802279.928669,82
1663802279.943283,81
1663802279.957829,82
1663802279.971409,83
1663802279.986048,83
1663802280.001477,82
1663802280.016501,82
1663802280.030643,83
1663802280.045387,83
1663802280.059772,83
1663802280.074459,82
1663802280.089298,82
1663802280.103582,83
1663802280.118410,83
1663802280.135945,83
1663802280.151339,83
1663802280.166113,83
1663802280.180942,83
1663802280.195571,82
1663802280.210588,82
1663802280.225015,83
1663802280.239353,83
1663802280.253678,83
1663802280.268297,83
1663802280.282501,82
1663802280.299056,82
1663802280.313097,83
1663802280.326800,83
1663802280.341048,83
1663802280.356079,82
1663802280.370626,83
1663802280.384451,83
1663802280.400674,83
1663802280.414618,83
1663802280.429102,82
1663802280.443456,82
1663802280.457738,83
1663802280.472227,83
1663802280.486310,83
1663802280.501446,82
1663802280.515834,83
1663802280.529887,83
1663802280.544194,83
1663802280.558617,83
1663802280.572930,82
1663802280.586834,83
1663802280.601371,83
1663802280.616726,83
1663802280.632005,83
1663802280.647220,82
1663802280.662512,83
1663802280.676202,84
1663802280.691129,84
1663802280.705100,84
1663802280.718369,83
1663802280.732203,84
1663802280.746433,84
1663802280.761131,84
1663802280.776456,83
1663802280.790160,84
1663802280.804004,84
1663802280.818693,84
1663802280.833680,84
1663802280.848473,83
1663802280.862473,84
1663802280.875961,84
1663802280.890741,84
1663802280.904620,83
1663802280.918580,84
1663802280.934033,84
1663802280.950254,84
1663802280.964301,84
1663802280.978365,83
1663802280.992288,84
1663802281.006635,84
1663802281.020426,84
1663802281.036457,84
1663802281.050546,83
1663802281.064709,84
1663802281.078626,84
1663802281.093815,84
1663802281.109163,84
1663802281.124398,84
1663802281.139679,83
1663802281.153901,84
1663802281.168505,84
1663802281.183137,84
1663802281.197855,84
1663802281.212941,84
1663802281.227077,83
1663802281.241016,84
1663802281.255245,84
1663802281.270149,84
1663802281.284117,83
1663802281.299816,83
1663802281.314243,84
1663802281.328656,84
1663802281.344216,84
1663802281.359442,85
1663802281.374653,84
1663802281.389732,84
1663802281.404970,84
1663802281.418916,85
1663802281.433435,85
1663802281.448469,85
1663802281.465323,85
1663802281.480186,85
1663802281.495836,84
1663802281.510106,84
1663802281.524695,85
1663802281.539422,85
1663802281.553991,85
1663802281.573716,85
1663802281.587558,85
1663802281.601485,85
1663802281.615628,84
1663802281.630027,85
1663802281.643784,85
1663802281.658080,85
1663802281.671908,84
1663802281.685735,85
1663802281.700401,85
1663802281.714300,85
1663802281.728433,84
1663802281.743416,85
1663802281.758420,85
1663802281.773272,85
1663802281.788048,85
1663802281.803088,85
1663802281.817059,84
1663802281.831893,85
1663802281.847665,85
1663802281.862796,85
1663802281.876815,85
1663802281.890727,84
1663802281.904416,85
1663802281.918840,85
1663802281.933326,85
1663802281.947535,84
1663802281.961426,85
1663802281.975498,85
1663802281.989530,85
1663802282.004017,85
1663802282.017740,85
1663802282.031463,85
1663802282.045933,85
1663802282.060160,85
1663802282.075757,85
1663802282.089948,86
1663802282.103881,86
1663802282.118421,86
1663802282.132544,85
1663802282.146450,86
1663802282.160464,86
1663802282.175429,86
1663802282.189898,86
1663802282.205383,85
1663802282.219872,86
1663802282.233893,86
1663802282.247876,86
1663802282.261803,85
1663802282.275927,86
1663802282.290732,86
1663802282.305484,86
1663802282.319836,86
1663802282.334647,85
1663802282.351577,86
1663802282.366440,85
1663802282.381104,86
1663802282.395609,86
1663802282.409900,86
1663802282.424082,85
1663802282.437906,86
1663802282.453008,86
1663802282.466191,86
1663802282.482289,86
1663802282.497098,86
1663802282.512716,85
1663802282.526533,86
1663802282.540262,86
1663802282.554639,86
1663802282.568850,85
1663802282.582736,86
1663802282.596556,86
1663802282.610113,85
1663802282.624485,85
1663802282.638975,86
1663802282.653690,86
1663802282.667675,86
1663802282.682857,85
1663802282.696899,85
1663802282.710753,86
1663802282.725032,86
1663802282.739463,86
1663802282.754580,85
1663802282.772603,87
1663802282.786713,86
1663802282.801495,86
1663802282.815536,87
1663802282.829898,87
1663802282.843844,87
1663802282.857932,86
1663802282.871805,87
1663802282.885657,87
1663802282.900262,86
1663802282.914012,87
1663802282.928846,87
1663802282.943063,87
1663802282.957048,86
1663802282.972462,86
1663802282.987073,86
1663802283.001362,87
1663802283.016015,87
1663802283.031889,87
1663802283.046316,87
1663802283.059582,86
1663802283.073254,87
1663802283.087446,87
1663802283.102087,86
1663802283.117225,86
1663802283.132434,87
1663802283.147067,87
1663802283.162418,87
1663802283.177233,87
1663802283.191362,87
1663802283.205234,86
1663802283.219584,87
1663802283.233474,87
1663802283.247816,87
1663802283.261564,86
1663802283.276503,87
1663802283.291545,87
1663802283.306510,87
1663802283.322127,87
1663802283.336960,87
1663802283.351237,86
1663802283.365000,87
1663802283.378978,87
1663802283.393859,87
1663802283.408336,86
1663802283.423460,87
1663802283.437802,87
1663802283.451929,87
1663802283.466895,87
1663802283.481651,86
1663802283.496314,87
1663802283.510554,88
1663802283.525547,88
1663802283.539705,88
1663802283.553562,87
1663802283.567930,88
1663802283.582051,88
1663802283.598191,88
1663802283.612079,88
1663802283.626040,87
1663802283.640204,88
1663802283.654286,88
1663802283.669318,88
1663802283.684197,88
1663802283.698444,87
1663802283.713206,88
1663802283.726933,88
1663802283.741763,88
1663802283.756209,88
1663802283.771414,87
1663802283.785275,88
1663802283.800085,88
1663802283.814492,88
1663802283.829550,88
1663802283.844139,87
1663802283.858555,88
1663802283.872770,88
1663802283.887018,88
1663802283.901820,87
1663802283.916424,87
1663802283.932085,87
1663802283.945989,88
1663802283.960357,88
1663802283.975421,88
1663802283.990005,87
1663802284.004397,87
1663802284.018574,88
1663802284.032725,88
1663802284.049528,88
1663802284.063395,88
1663802284.077273,87
1663802284.091446,88
1663802284.106275,88
1663802284.120552,88
1663802284.134426,87
1663802284.148983,88
1663802284.163677,88
1663802284.177792,88
1663802284.192855,88
1663802284.206851,87
1663802284.220836,89
1663802284.235326,89
1663802284.249814,89
1663802284.264153,88
1663802284.278597,89
1663802284.292806,89
1663802284.306953,89
1663802284.321451,88
1663802284.335897,88
1663802284.349947,89
1663802284.366190,89
1663802284.380329,89
1663802284.396007,89
1663802284.410141,89
1663802284.424777,89
1663802284.439465,89
1663802284.452967,89
1663802284.467631,89
1663802284.481768,88
1663802284.496028,89
1663802284.510388,89
1663802284.524944,89
1663802284.540322,89
1663802284.554100,88
1663802284.568466,89
1663802284.582990,89
1663802284.598440,89
1663802284.613300,89
1663802284.627245,88
1663802284.641954,89
1663802284.656026,89
1663802284.670369,89
1663802284.684470,88
1663802284.698776,88
1663802284.713007,89
1663802284.726806,89
1663802284.741547,89
1663802284.755791,88
1663802284.769653,89
1663802284.783802,89
1663802284.798354,88
1663802284.813071,88
1663802284.827483,89
1663802284.842274,89
1663802284.856696,89
1663802284.871124,88
1663802284.885781,88
1663802284.900845,88
1663802284.914764,89
1663802284.928859,89
1663802284.943063,90
1663802284.957380,89
1663802284.971323,90
1663802284.986708,90
1663802285.001617,90
1663802285.015206,89
1663802285.029082,90
1663802285.043291,90
1663802285.057533,90
1663802285.072863,90
1663802285.087160,89
1663802285.101581,90
1663802285.115435,90
1663802285.129312,89
1663802285.143345,89
1663802285.157087,90
1663802285.171200,90
1663802285.185834,90
1663802285.201152,89
1663802285.215460,90
1663802285.229475,90
1663802285.243730,90
1663802285.258049,89
1663802285.272742,89
1663802285.287911,90
1663802285.302234,90
1663802285.316644,90
1663802285.331484,90
1663802285.345987,89
1663802285.360513,90
1663802285.375266,90
1663802285.390283,90
1663802285.405267,90
1663802285.419290,89
1663802285.433449,89
1663802285.447393,90
1663802285.462474,90
1663802285.476659,90
1663802285.492073,89
1663802285.506057,90
1663802285.520648,90
1663802285.535622,90
1663802285.550421,90
1663802285.565577,90
1663802285.579991,89
1663802285.594814,90
1663802285.608968,90
1663802285.623979,90
1663802285.638409,90
1663802285.653014,89
1663802285.667524,90
1663802285.682199,90
1663802285.696617,91
1663802285.711609,91
1663802285.726331,91
1663802285.740407,90
1663802285.754854,91
1663802285.769680,91
1663802285.784384,91
1663802285.800041,91
1663802285.815655,91
1663802285.830005,90
1663802285.844892,91
1663802285.859262,91
1663802285.874239,91
1663802285.888416,91
1663802285.902748,90
1663802285.917085,91
1663802285.933150,91
1663802285.947637,91
1663802285.963144,91
1663802285.977526,91
1663802285.991510,90
1663802286.005604,91
1663802286.020603,91
1663802286.034816,91
1663802286.049491,91
1663802286.063208,91
1663802286.076962,91
1663802286.091065,91
1663802286.105999,91
1663802286.120568,90
1663802286.135374,91
1663802286.149340,91
1663802286.164694,91
1663802286.178891,91
1663802286.193420,90
1663802286.207977,91
1663802286.222521,91
1663802286.236794,91
1663802286.251454,90
1663802286.267698,90
1663802286.282364,90
1663802286.296341,91
1663802286.311879,91
1663802286.326587,91
1663802286.341606,91
1663802286.356175,91
1663802286.370907,90
1663802286.385604,91
1663802286.400265,91
1663802286.414821,91
1663802286.429930,91
1663802286.444993,92
1663802286.459141,91
1663802286.473792,92
1663802286.487934,92
1663802286.502599,92
1663802286.516390,91
1663802286.531546,92
1663802286.546571,92
1663802286.560330,92
1663802286.575521,92
1663802286.589680,91
1663802286.603970,92
1663802286.618662,92
1663802286.633049,92
1663802286.647715,91
1663802286.662151,91
1663802286.676751,92
1663802286.690999,92
1663802286.705122,92
1663802286.720452,92
1663802286.735676,92
1663802286.750458,91
1663802286.764974,92
1663802286.780368,92
1663802286.794872,92
1663802286.809794,92
1663802286.824608,92
1663802286.838721,91
1663802286.852142,92
1663802286.867584,92
1663802286.882254,92
1663802286.897184,92
1663802286.911532,91
1663802286.926437,92
1663802286.941935,92
1663802286.956581,92
1663802286.970753,92
1663802286.985858,91
1663802287.001029,91
1663802287.015763,92
1663802287.030238,92
1663802287.044278,92
1663802287.058821,92
1663802287.072774,92
1663802287.088393,92
1663802287.102799,92
1663802287.118192,92
1663802287.132935,92
1663802287.148262,92
1663802287.162904,91
1663802287.176929,92
1663802287.192634,92
1663802287.207160,93
1663802287.221293,93
1663802287.236006,92
1663802287.251058,92
1663802287.265248,93
1663802287.279908,93
1663802287.294349,93
1663802287.309694,93
1663802287.324285,92
1663802287.339642,92
1663802287.353674,93
1663802287.368079,93
1663802287.383991,93
1663802287.399301,93
1663802287.413557,92
1663802287.427340,93
1663802287.441799,93
1663802287.457162,93
1663802287.471390,93
1663802287.485825,92
1663802287.500768,92
1663802287.514884,93
1663802287.528419,93
1663802287.543045,93
1663802287.558422,92
1663802287.572552,93
1663802287.586778,93
1663802287.601743,93
1663802287.616461,93
1663802287.631560,92
1663802287.645975,92
1663802287.660527,93
1663802287.675528,93
1663802287.690404,93
1663802287.704720,93
1663802287.719425,92
1663802287.733851,93
1663802287.748559,93
1663802287.763859,93
1663802287.777753,93
1663802287.791919,92
1663802287.806032,93
1663802287.820873,93
1663802287.836131,93
1663802287.850104,93
1663802287.864505,92
1663802287.878735,93
1663802287.894518,93
1663802287.909099,93
1663802287.923855,93
1663802287.938366,92
1663802287.952221,93
1663802287.966669,94
1663802287.981548,94
1663802287.997480,94
1663802288.012226,94
1663802288.026436,93
1663802288.040352,94
1663802288.055317,94
1663802288.071504,94
1663802288.087352,95
1663802288.102426,95
1663802288.117974,95
1663802288.132477,95
1663802288.147006,95
1663802288.161266,95
1663802288.175566,95
1663802288.189966,95
1663802288.204493,94
1663802288.218889,95
1663802288.233566,95
1663802288.247973,95
1663802288.262414,95
1663802288.276922,94
1663802288.291535,95
1663802288.305699,95
1663802288.320119,95
1663802288.334671,95
1663802288.349501,94
1663802288.363522,95
1663802288.377853,95
1663802288.391910,94
1663802288.406291,94
1663802288.420677,95
1663802288.435308,95
1663802288.450098,95
1663802288.465639,95
1663802288.480659,94
1663802288.496442,95
1663802288.510868,94
1663802288.525365,95
1663802288.539704,95
1663802288.553649,95
1663802288.568592,94
1663802288.582701,94
1663802288.596994,95
1663802288.611261,95
1663802288.625979,94
1663802288.640179,94
1663802288.654316,95
1663802288.668043,95
1663802288.682601,94
1663802288.696133,94
1663802288.710350,95
1663802288.724740,95
1663802288.739048,96
1663802288.753313,95
1663802288.767170,96
1663802288.782456,96
1663802288.797253,96
1663802288.811595,96
1663802288.825748,95
1663802288.840965,95
1663802288.855147,100
1663802288.869435,100
1663802288.884698,100
1663802288.901024,100
1663802288.916657,100
1663802288.930478,99
1663802288.944796,100
1663802288.959114,100
1663802288.973826,100
1663802288.989256,100
1663802289.003493,99
1663802289.017456,100
1663802289.032298,100
1663802289.048398,100
1663802289.063442,100
1663802289.077272,99
1663802289.092330,99
1663802289.106436,100
1663802289.121109,100
1663802289.135887,100
1663802289.150109,99
1663802289.164596,99
1663802289.178701,100
1663802289.193577,100
1663802289.207350,100
1663802289.221673,99
1663802289.235934,100
1663802289.250448,100
1663802289.265249,100
1663802289.280135,100
1663802289.294677,99
1663802289.308339,100
1663802289.323588,100
1663802289.338256,100
1663802289.352496,100
1663802289.367643,99
1663802289.381653,100
1663802289.396294,100
1663802289.410507,100
1663802289.425277,100
1663802289.440578,99
1663802289.454867,100
1663802289.468624,100
1663802289.482717,100
1663802289.497217,99
1663802289.511944,99
1663802289.526088,100
1663802289.539478,100
1663802289.553017,99
1663802289.567654,100
1663802289.581840,100
1663802289.597644,100
1663802289.612845,98
1663802289.626346,99
1663802289.640629,100
1663802289.654948,100
1663802289.669437,100
1663802289.684687,99
1663802289.699418,97
1663802289.713263,97
1663802289.727878,96
1663802289.742364,95
1663802289.757471,94
1663802289.771899,93
1663802289.786535,93
1663802289.800152,92
1663802289.814716,91
1663802289.830062,90
1663802289.845272,88
1663802289.859647,87
1663802289.874078,87
1663802289.888081,86
1663802289.901982,85
1663802289.916287,84
1663802289.930371,84
1663802289.944751,83
1663802289.959894,82
1663802289.974722,80
1663802289.988915,79
1663802290.003175,79
1663802290.017455,78
1663802290.031084,77
1663802290.045367,77
1663802290.059729,76
1663802290.075129,75
1663802290.090721,74
1663802290.105376,73
1663802290.119749,71
1663802290.133892,71
1663802290.148589,70
1663802290.163492,69
1663802290.177846,68
1663802290.191857,67
1663802290.206147,67
1663802290.220656,66
1663802290.234517,65
1663802290.249043,63
1663802290.263636,62
1663802290.277364,62
1663802290.291778,61
1663802290.306457,60
1663802290.320806,59
1663802290.338018,59
1663802290.360336,57
1663802290.375711,56
1663802290.395189,54
1663802290.413507,53
1663802290.429569,52
1663802290.444060,51
1663802290.457978,50
1663802290.504248,52
1663802290.523031,51
1663802290.537562,52
1663802290.551657,52
1663802290.566480,52
1663802290.581080,52
1663802290.598069,52
1663802290.613605,52
1663802290.629667,52
1663802290.644604,51
1663802290.658713,52
1663802290.672232,52
1663802290.687196,52
1663802290.701320,51
1663802290.715562,51
1663802290.730260,52
1663802290.745351,52
1663802290.760478,52
1663802290.774956,52
1663802290.791155,51
1663802290.806994,52
1663802290.822127,51
1663802290.835928,52
1663802290.850416,53
1663802290.865889,53
1663802290.880143,53
1663802290.894962,52
1663802290.908920,53
1663802290.922926,53
1663802290.937251,53
1663802290.951590,52
1663802290.965878,53
1663802290.980276,53
1663802290.994555,53
1663802291.009482,53
1663802291.023945,52
1663802291.037865,53
1663802291.051906,53
1663802291.066257,53
1663802291.081213,53
1663802291.095991,52
1663802291.110261,53
1663802291.125521,53
1663802291.140180,53
1663802291.155037,53
1663802291.169685,52
1663802291.185938,52
1663802291.201697,52
1663802291.217923,52
1663802291.236059,53
1663802291.254380,53
1663802291.269811,53
1663802291.286453,54
1663802291.304117,54
1663802291.319422,55
1663802291.335524,56
1663802291.352102,56
1663802291.368802,56
1663802291.385690,56
1663802291.401425,56
1663802291.416572,56
1663802291.430909,56
1663802291.444532,55
1663802291.459552,55
1663802291.473203,56
1663802291.487937,56
1663802291.502360,56
1663802291.516787,55
1663802291.531650,55
1663802291.545379,56
1663802291.559411,56
1663802291.573588,55
1663802291.587608,55
1663802291.601501,56
1663802291.615639,56
1663802291.629929,55
1663802291.644093,55
1663802291.657813,56
1663802291.672498,56
1663802291.686585,56
1663802291.700865,55
1663802291.714991,56
1663802291.728782,56
1663802291.743968,56
1663802291.758008,56
1663802291.773710,57
1663802291.787863,57
1663802291.801685,58
1663802291.817258,58
1663802291.832090,57
1663802291.848586,57
1663802291.862699,57
1663802291.878097,58
1663802291.892160,58
1663802291.905906,58
1663802291.920204,57
1663802291.935302,57
1663802291.950937,58
1663802291.966021,58
1663802291.982841,58
1663802291.998416,58
1663802292.012855,58
1663802292.027170,58
1663802292.040775,57
1663802292.054846,58
1663802292.069597,58
1663802292.083910,58
1663802292.099685,58
1663802292.114695,58
1663802292.128594,58
1663802292.142830,58
1663802292.157268,58
1663802292.172076,58
1663802292.185835,57
1663802292.199698,58
1663802292.213513,58
1663802292.228335,57
1663802292.243464,57
1663802292.257344,58
1663802292.271315,58
1663802292.286197,59
1663802292.301697,59
1663802292.317959,59
1663802292.332633,59
1663802292.347607,58
1663802292.361741,59
1663802292.376684,59
1663802292.390563,59
1663802292.405075,58
1663802292.419300,58
1663802292.434167,59
1663802292.449604,59
1663802292.464896,59
1663802292.479671,59
1663802292.493555,58
1663802292.507696,59
1663802292.523829,59
1663802292.538730,59
1663802292.553018,59
1663802292.569093,59
1663802292.583624,59
1663802292.597935,58
1663802292.612156,59
1663802292.626289,59
1663802292.641680,59
1663802292.656656,59
1663802292.670916,58
1663802292.684316,59
1663802292.699008,60
1663802292.713675,60
1663802292.727818,59
1663802292.742314,60
1663802292.756833,60
1663802292.770862,61
1663802292.785285,60
1663802292.802181,61
1663802292.819178,61
1663802292.833765,61
1663802292.848066,60
1663802292.861821,61
1663802292.876037,61
1663802292.890974,61
1663802292.906388,60
1663802292.921326,60
1663802292.935913,61
1663802292.950521,61
1663802292.965968,61
1663802292.980415,61
1663802292.994642,61
1663802293.009597,60
1663802293.023903,61
1663802293.039016,61
1663802293.052719,61
1663802293.066727,60
1663802293.081405,61
1663802293.095234,61
1663802293.109256,61
1663802293.124383,61
1663802293.138521,60
1663802293.152211,61
1663802293.166516,61
1663802293.180512,61
1663802293.194990,62
1663802293.209524,62
1663802293.224015,62
1663802293.237835,62
1663802293.251577,61
1663802293.265437,62
1663802293.279218,63
1663802293.293177,62
1663802293.308145,62
1663802293.322742,63
1663802293.336212,63
1663802293.351382,63
1663802293.365663,62
1663802293.379478,63
1663802293.393022,63
1663802293.407050,63
1663802293.420884,62
1663802293.434833,63
1663802293.448870,63
1663802293.463235,63
1663802293.477239,62
1663802293.491031,63
1663802293.505641,63
1663802293.519831,63
1663802293.533839,62
1663802293.547459,63
1663802293.561438,63
1663802293.576635,63
1663802293.590760,63
1663802293.604836,63
1663802293.618806,63
1663802293.632767,63
1663802293.646845,62
1663802293.659939,63
1663802293.674667,63
1663802293.689090,62
1663802293.703490,62
1663802293.717415,64
1663802293.731476,64
1663802293.745480,64
1663802293.759699,63
1663802293.774158,64
1663802293.787722,64
1663802293.801716,63
1663802293.816581,64
1663802293.831478,65
1663802293.845709,65
1663802293.859521,65
1663802293.872921,64
1663802293.887405,65
1663802293.901430,65
1663802293.916006,64
1663802293.930026,64
1663802293.945111,65
1663802293.959149,65
1663802293.973401,65
1663802293.987458,64
1663802294.001644,65
1663802294.015637,65
1663802294.029733,65
1663802294.043504,64
1663802294.057833,65
1663802294.072077,65
1663802294.085945,65
1663802294.100901,64
1663802294.115198,64
1663802294.128918,65
1663802294.142679,65
1663802294.157046,64
1663802294.171220,65
1663802294.184956,65
1663802294.198932,65
1663802294.213362,64
1663802294.227063,65
1663802294.241018,66
1663802294.255146,65
1663802294.269314,65
1663802294.283626,65
1663802294.297642,65
1663802294.313012,66
1663802294.327658,66
1663802294.341820,65
1663802294.356629,67
1663802294.370621,67
1663802294.385530,67
1663802294.401241,67
1663802294.415589,66
1663802294.429451,67
1663802294.443296,67
1663802294.458003,67
1663802294.471802,66
1663802294.485917,67
1663802294.500505,67
1663802294.514468,67
1663802294.528143,66
1663802294.543349,66
1663802294.557084,67
1663802294.571311,67
1663802294.585844,67
1663802294.600762,66
1663802294.614887,67
1663802294.628538,67
1663802294.643392,67
1663802294.657237,66
1663802294.671118,67
1663802294.684971,67
1663802294.699239,67
1663802294.714577,67
1663802294.728292,66
1663802294.742947,66
1663802294.757496,66
1663802294.771346,66
1663802294.786281,66
1663802294.801189,67
1663802294.815173,66
1663802294.829253,66
1663802294.843335,66
1663802294.857447,66
1663802294.873407,66
1663802294.888092,66
1663802294.901904,67
1663802294.916530,67
1663802294.930672,67
1663802294.962523,68
1663802294.996081,67
1663802295.011529,68
1663802295.025937,68
1663802295.040103,67
1663802295.053856,68
1663802295.094129,68
1663802295.108705,68
1663802295.122501,68
1663802295.138097,67
1663802295.152798,67
1663802295.168361,67
1663802295.184503,67
1663802295.199195,68
1663802295.214132,68
1663802295.228045,68
1663802295.242003,67
1663802295.256641,68
1663802295.271225,68
1663802295.287375,68
1663802295.303508,68
1663802295.318104,69
1663802295.333061,69
1663802295.347713,67
1663802295.361578,69
1663802295.375723,69
1663802295.389584,68
1663802295.403451,67
1663802295.417699,68
1663802295.431326,69
1663802295.445459,69
1663802295.459264,68
1663802295.472975,70
1663802295.487847,69
1663802295.502128,69
1663802295.519262,69
1663802295.533769,69
1663802295.548893,68
1663802295.563050,70
1663802295.576946,70
1663802295.591692,70
1663802295.605928,69
1663802295.621351,69
1663802295.635448,70
1663802295.650617,70
1663802295.664730,70
1663802295.678860,69
1663802295.694945,69
1663802295.710823,69
1663802295.726192,69
1663802295.740571,70
1663802295.755897,70
1663802295.770312,70
1663802295.785292,69
1663802295.800708,70
1663802295.814577,69
1663802295.829318,70
1663802295.843758,70
1663802295.858037,70
1663802295.872354,68
1663802295.886593,69
1663802295.901017,69
1663802295.916757,69
1663802295.931790,69
1663802295.946652,69
1663802295.960839,69
1663802295.976008,69
1663802295.990360,69
1663802296.004388,69
1663802296.019838,69
1663802296.034910,68
1663802296.050050,69
1663802296.064383,70
1663802296.078697,70
1663802296.092950,70
1663802296.107625,72
1663802296.122888,71
1663802296.138572,70
1663802296.153349,71
1663802296.168188,71
1663802296.183675,71
1663802296.198059,71
1663802296.212492,71
1663802296.227197,70
1663802296.241325,71
1663802296.255424,71
1663802296.270794,71
1663802296.285823,71
1663802296.300725,71
1663802296.317281,70
1663802296.332077,71
1663802296.346290,71
1663802296.360277,71
1663802296.374595,71
1663802296.388369,70
1663802296.402772,71
1663802296.418134,69
1663802296.433914,67
1663802296.449070,65
1663802296.462948,63
1663802296.477002,61
1663802296.491211,61
1663802296.505973,61
1663802296.520154,60
1663802296.536894,60
1663802296.551090,60
1663802296.565012,60
1663802296.578994,60
1663802296.593969,60
1663802296.609049,60
1663802296.622865,59
1663802296.636682,61
1663802296.651166,61
1663802296.665552,61
1663802296.680377,59
1663802296.695914,60
1663802296.709880,59
1663802296.724272,60
1663802296.739244,60
1663802296.753064,60
1663802296.767503,59
1663802296.781879,59
1663802296.796390,60
1663802296.811093,60
1663802296.825294,60
1663802296.839562,59
1663802296.853922,60
1663802296.868708,60
1663802296.883412,60
1663802296.898107,60
1663802296.912232,59
1663802296.925588,60
1663802296.940027,60
1663802296.953578,60
1663802296.967581,59
1663802296.981909,60
1663802296.995808,60
1663802297.010868,60
1663802297.026609,60
1663802297.040753,60
1663802297.054167,60
1663802297.068570,60
1663802297.083755,60
1663802297.099260,59
1663802297.113297,59
1663802297.127384,60
1663802297.141622,61
1663802297.155976,61
1663802297.170360,59
1663802297.184990,60
1663802297.199489,60
1663802297.213935,60
1663802297.227491,59
1663802297.241384,60
1663802297.254851,60
1663802297.269204,60
1663802297.283435,59
1663802297.297241,60
1663802297.311050,60
1663802297.325818,60
1663802297.340620,59
1663802297.354905,60
1663802297.369370,60
1663802297.383779,60
1663802297.397976,60
1663802297.412932,59
1663802297.426673,60
1663802297.442490,60
1663802297.456571,60
1663802297.470985,59
1663802297.485347,60
1663802297.499857,60
1663802297.514533,60
1663802297.528788,60
1663802297.543126,59
1663802297.557246,59
1663802297.571299,60
1663802297.588512,60
1663802297.603329,60
1663802297.619347,60
1663802297.634640,61
1663802297.649247,61
1663802297.663818,60
1663802297.677810,61
1663802297.692224,61
1663802297.706374,61
1663802297.721486,61
1663802297.735572,60
1663802297.749254,61
1663802297.762870,61
1663802297.777260,61
1663802297.791468,60
1663802297.805768,61
1663802297.820164,61
1663802297.834702,60
1663802297.849508,60
1663802297.864109,60
1663802297.878335,61
1663802297.893229,61
1663802297.907358,60
1663802297.922540,60
1663802297.936799,61
1663802297.951792,61
1663802297.966086,61
1663802297.980467,61
1663802297.995628,61
1663802298.011685,61
1663802298.026302,60
1663802298.041374,61
1663802298.055247,61
1663802298.069014,61
1663802298.084036,60
1663802298.100342,60
1663802298.114524,61
1663802298.129011,61
1663802298.143048,62
1663802298.157328,62
1663802298.171710,61
1663802298.185912,62
1663802298.200005,62
1663802298.214471,62
1663802298.228244,61
1663802298.242470,62
1663802298.257410,62
1663802298.271471,62
1663802298.285570,61
1663802298.300572,61
1663802298.314739,62
1663802298.329101,62
1663802298.343348,62
1663802298.358221,61
1663802298.373528,62
1663802298.387941,62
1663802298.402048,62
1663802298.418245,62
1663802298.433561,62
1663802298.449021,62
1663802298.463532,61
1663802298.477677,62
1663802298.491948,62
1663802298.506572,62
1663802298.521496,62
1663802298.535644,61
1663802298.549236,62
1663802298.563523,62
1663802298.577700,62
1663802298.592108,61
1663802298.606243,62
1663802298.620462,62
1663802298.635696,62
1663802298.651823,62
1663802298.666042,62
1663802298.680939,62
